Date,Open,High,Low,Close,Volume
20250102,1.2504,1.2534,1.2346,1.2361,136984
20250103,1.2372,1.2428,1.2369,1.2421,76306
20250106,1.2413,1.2545,1.2411,1.2506,148496
20250107,1.2515,1.257,1.247,1.2485,84387
20250108,1.2471,1.2488,1.2315,1.2351,173733
20250109,1.2356,1.236,1.2234,1.2304,141916
20250110,1.2303,1.2316,1.2187,1.2205,154121
20250113,1.2205,1.2206,1.2095,1.2162,153092
20250114,1.2229,1.2246,1.2133,1.2193,144165
20250115,1.221,1.2303,1.2156,1.2226,162171
20250116,1.2236,1.2257,1.2171,1.2232,104886
20250117,1.2233,1.224,1.2157,1.2164,114399
20250121,1.2167,1.2358,1.2156,1.2324,241547
20250122,1.2353,1.2372,1.2304,1.2322,94474
20250123,1.2315,1.2373,1.229,1.2357,100601
20250124,1.2352,1.2499,1.2345,1.248,128410
20250127,1.247,1.2522,1.2424,1.2488,114184
20250128,1.2497,1.2498,1.2412,1.2442,89647
20250129,1.2437,1.2461,1.2391,1.2442,103054
20250130,1.2447,1.2475,1.2406,1.2458,88959
20250131,1.2416,1.247,1.2385,1.2399,142236
20250203,1.232,1.2455,1.2247,1.2393,202005
20250204,1.2444,1.2492,1.2378,1.2481,99369
20250205,1.2481,1.2548,1.2463,1.2505,89709
20250206,1.2505,1.2509,1.2359,1.2436,138264
20250207,1.2434,1.2494,1.2375,1.2412,117072
20250210,1.2389,1.2421,1.2361,1.2365,55132
20250211,1.2366,1.2454,1.2332,1.2438,81590
20250212,1.2445,1.2482,1.2376,1.2445,117782
20250213,1.2441,1.2567,1.2441,1.2537,144355
20250214,1.2562,1.263,1.2549,1.2595,91806
20250218,1.2588,1.2634,1.2577,1.2596,120822
20250219,1.2629,1.2638,1.2563,1.2583,71331
20250220,1.2585,1.2671,1.2578,1.2669,82859
20250221,1.2666,1.2678,1.2624,1.2631,89042
20250224,1.264,1.2691,1.2611,1.2632,82168
20250225,1.2629,1.2678,1.2606,1.2669,76645
20250226,1.2666,1.2715,1.2634,1.2684,98420
20250227,1.2675,1.2689,1.2597,1.2608,106609
20250228,1.2594,1.2622,1.2559,1.2572,122928
20250303,1.2582,1.2725,1.2582,1.269,145061
20250304,1.2707,1.28,1.2678,1.2788,150852
20250305,1.279,1.2901,1.2768,1.2897,182872
20250306,1.2895,1.2924,1.2866,1.2895,178634
20250307,1.2882,1.2944,1.2877,1.292,112206
20250310,1.2923,1.2946,1.2861,1.2869,124934
20250311,1.2874,1.2966,1.2872,1.2961,151154
20250312,1.295,1.3,1.2914,1.2967,155817
20250313,1.2966,1.2973,1.2921,1.2951,131998
20250314,1.2944,1.2958,1.2909,1.2931,101086
20250317,1.2923,1.2997,1.2923,1.2997,56747
20250318,1.2993,1.3009,1.295,1.3003,78605
20250319,1.3003,1.301,1.2954,1.3007,80720
20250320,1.3,1.3013,1.2934,1.2959,78831
20250321,1.2963,1.2968,1.2886,1.2925,90966
20250324,1.2902,1.2973,1.2895,1.2925,89969
20250325,1.2922,1.2966,1.29,1.2945,69696
20250326,1.2945,1.2947,1.2874,1.2884,98772
20250327,1.2879,1.2992,1.2871,1.2948,101345
20250328,1.2954,1.2968,1.292,1.2939,80600
20250331,1.2937,1.2972,1.2885,1.2911,110743
20250401,1.2916,1.294,1.2879,1.2909,81616
20250402,1.292,1.3025,1.29,1.298,90110
20250403,1.3008,1.3208,1.2973,1.3094,200066
20250404,1.3102,1.3113,1.2852,1.288,261323
20250407,1.2848,1.2934,1.2709,1.2749,198855
20250408,1.2718,1.2813,1.2718,1.2789,130681
20250409,1.2775,1.2865,1.2745,1.2807,175691
20250410,1.2827,1.2997,1.2812,1.2982,137857
20250411,1.2975,1.3146,1.2966,1.306,172059
20250414,1.3091,1.3203,1.3064,1.3198,98057
20250415,1.3185,1.3253,1.3166,1.3219,79885
20250416,1.3232,1.3303,1.3214,1.3233,84248
20250417,1.3243,1.3275,1.3205,1.3271,73970
20250421,1.3276,1.3425,1.3275,1.3382,66556
20250422,1.3385,1.3425,1.3328,1.3338,107047
20250423,1.3304,1.3341,1.3236,1.3268,114465
20250424,1.3253,1.3351,1.3252,1.3329,72047
20250425,1.3344,1.3344,1.3277,1.3332,63956
20250428,1.3315,1.3448,1.3282,1.3429,93573
20250429,1.3443,1.3447,1.3382,1.3404,80932
20250430,1.3412,1.3417,1.3312,1.3342,94441
20250501,1.333,1.3348,1.3263,1.328,69119
20250502,1.3281,1.3334,1.3256,1.3277,88107
20250505,1.3273,1.334,1.3261,1.3292,54242
20250506,1.33,1.3406,1.3264,1.3379,103172
20250507,1.3379,1.338,1.3283,1.3326,83684
20250508,1.3295,1.3358,1.3238,1.3254,118487
20250509,1.3247,1.3325,1.3214,1.3317,60288
20250512,1.3279,1.3302,1.3142,1.3182,117986
20250513,1.3175,1.3319,1.3172,1.3302,84455
20250514,1.3308,1.3363,1.3256,1.3267,81522
20250515,1.3267,1.3321,1.3262,1.33,63100
20250516,1.3307,1.3335,1.3252,1.328,57438
20250519,1.3286,1.3405,1.328,1.3358,75398
20250520,1.3365,1.3397,1.3336,1.3381,69462
20250521,1.3392,1.347,1.3388,1.3431,109699
20250522,1.3421,1.3443,1.3392,1.3425,81892
20250523,1.3425,1.3542,1.342,1.3533,96873
20250527,1.3533,1.3594,1.3501,1.3514,115156
20250528,1.3508,1.3523,1.3451,1.3471,72187
20250529,1.3476,1.3509,1.3417,1.3499,78902
20250530,1.3495,1.3512,1.3449,1.347,76111
20250602,1.3455,1.3561,1.3451,1.3542,114484
20250603,1.3547,1.356,1.3493,1.3526,69461
20250604,1.3519,1.3582,1.3503,1.356,71360
20250605,1.3555,1.3618,1.3541,1.3582,1
